16383,16383,16383,16383,16383,16383,16383,16383,16383,16383,16383,16383,16383,16383,16383,16383,16383,16383,16383,16383,16383,16383,16383,16383,16383,16383,16383,16383,16383,16383,16383,16383,16383,16383,16383,16383,16383,16383,16383,16383,16383,16383,16383,16383,16383,16383,16383,16383,16383,16383,16383,16383,16383,16383,16383,16383,16383,16383,16383,16383,16383,16383,16383,16383,00000000000000000000000000000000000000000000000000,00000000000000000000000000000000000000000000000000,00000000000000000000000000000000000000000000000000,00000000000000000000000000000000000000000000000000
16383,16383,16383,16383,16383,16383,16383,16383,16383,16383,16383,16383,16383,16383,16383,16383,16383,16383,16383,16383,16383,16383,16383,16383,16383,16383,16383,16383,16383,16383,16383,16383,16383,16383,16383,16383,16383,16383,16383,16383,16383,16383,16383,16383,16383,16383,16383,16383,16383,16383,16383,16383,16383,16383,16383,16383,16383,16383,16383,16383,16383,16383,16383,16383,00000000000000000000000000000000000000000000000000,00000000000000000000000000000000000000000000000000,00000000000000000000000000000000000000000000000000,00000000000000000000000000000000000000000000000000
16383,16383,16383,16383,16383,16383,16383,16383,16383,16383,16383,16383,16383,16383,16383,16383,16383,16383,16383,16383,16383,16383,16383,16383,16383,16383,16383,16383,16383,16383,16383,16383,16383,16383,16383,16383,16383,16383,16383,16383,16383,16383,16383,16383,16383,16383,16383,16383,16383,16383,16383,16383,16383,16383,16383,16383,16383,16383,16383,16383,16383,16383,16383,16383,00000000000000000000000000000000000000000000000000,00000000000000000000000000000000000000000000000000,00000000000000000000000000000000000000000000000000,00000000000000000000000000000000000000000000000000
16383,16383,16383,16383,16383,16383,16383,16383,16383,16383,16383,16383,16383,16383,16383,16383,16383,16383,16383,16383,16383,16383,16383,16383,16383,16383,16383,16383,16383,16383,16383,16383,16383,16383,16383,16383,16383,16383,16383,16383,16383,16383,16383,16383,16383,16383,16383,16383,16383,16383,16383,16383,16383,16383,16383,16383,16383,16383,16383,16383,16383,16383,16383,16383,00000000000000000000000000000000000000000000000000,00000000000000000000000000000000000000000000000000,00000000000000000000000000000000000000000000000000,00000000000000000000000000000000000000000000000000
16383,16383,16383,16383,16383,16383,16383,16383,16383,16383,16383,16383,16383,16383,16383,16383,16383,16383,16383,16383,16383,16383,16383,16383,16383,16383,16383,16383,16383,16383,16383,16383,16383,16383,16383,16383,16383,16383,16383,16383,16383,16383,16383,16383,16383,16383,16383,16383,16383,16383,16383,16383,16383,16383,16383,16383,16383,16383,16383,16383,16383,16383,16383,16383,00000000000000000000000000000000000000000000000000,00000000000000000000000000000000000000000000000000,00000000000000000000000000000000000000000000000000,00000000000000000000000000000000000000000000000000
16383,16383,16383,16383,16383,16383,16383,16383,16383,16383,16383,16383,16383,16383,16383,16383,16383,16383,16383,16383,16383,16383,16383,16383,16383,16383,16383,16383,16383,16383,16383,16383,16383,16383,16383,16383,16383,16383,16383,16383,16383,16383,16383,16383,16383,16383,16383,16383,16383,16383,16383,16383,16383,16383,16383,16383,16383,16383,16383,16383,16383,16383,16383,16383,00000000000000000000000000000000000000000000000000,00000000000000000000000000000000000000000000000000,00000000000000000000000000000000000000000000000000,00000000000000000000000000000000000000000000000000
16383,16383,16383,16383,16383,16383,16383,16383,16383,16383,16383,16383,16383,16383,16383,16383,16383,16383,16383,16383,16383,16383,16383,16383,16383,16383,16383,16383,16383,16383,16383,16383,16383,16383,16383,16383,16383,16383,16383,16383,16383,16383,16383,16383,16383,16383,16383,16383,16383,16383,16383,1638316383,16383,16383,16383,16383,16383,16383,16383,16383,16383,16383,16383,16383,00000000000000000000000000000000000000000000000000,00000000000000000000000000000000000000000000000000,00000000000000000000000000000000000000000000000000,00000000000000000000000000000000000000000000000000
16383,16383,16383,16383,16383,16383,16383,16383,16383,16383,16383,16383,16383,16383,16383,16383,16383,16383,16383,16383,16383,16383,16383,16383,16383,16383,16383,16383,16383,16383,16383,16383,16383,16383,16383,16383,16383,16383,16383,16383,16383,16383,16383,16383,16383,16383,16383,16383,16383,16383,16383,16383,16383,16383,16383,16383,16383,16383,16383,16383,16383,16383,16383,16383,00000000000000000000000000000000000000000000000000,00000000000000000000000000000000000000000000000000,00000000000000000000000000000000000000000000000000,00000000000000000000000000000000000000000000000000
16383,16383,16383,16383,16383,16383,16383,16383,16383,16383,16383,16383,16383,16383,16383,16383,16383,16383,16383,16383,16383,16383,16383,16383,16383,16383,16383,16383,16383,16383,16383,16383,16383,16383,16383,16383,16383,16383,16383,16383,16383,16383,16383,16383,16383,16383,16383,16383,16383,16383,16383,16383,16383,16383,16383,16383,16383,16383,16383,16383,16383,16383,16383,16383,00000000000000000000000000000000000000000000000000,00000000000000000000000000000000000000000000000000,00000000000000000000000000000000000000000000000000,00000000000000000000000000000000000000000000000000
16383,16383,16383,16383,16383,16383,16383,16383,16383,16383,16383,16383,16383,16383,16383,16383,16383,16383,16383,16383,16383,16383,16383,16383,16383,16383,16383,16383,16383,16383,16383,16383,16383,16383,16383,16383,16383,16383,16383,16383,16383,16383,16383,16383,16383,16383,16383,16383,16383,16383,16383,16383,16383,16383,16383,16383,16383,16383,16383,16383,16383,16383,16383,16383,00000000000000000000000000000000000000000000000000,00000000000000000000000000000000000000000000000000,00000000000000000000000000000000000000000000000000,00000000000000000000000000000000000000000000000000
16383,16383,16383,16383,16383,16383,16383,16383,16383,16383,16383,16383,16383,16383,16383,16383,16383,16383,16383,16383,16383,16383,16383,16383,16383,16383,16383,16383,16383,16383,16383,16383,16383,16383,16383,16383,16383,16383,16383,16383,16383,16383,16383,16383,16383,16383,16383,16383,16383,16383,16383,16383,16383,16383,16383,16383,16383,16383,16383,16383,16383,16383,16383,16383,00000000000000000000000000000000000000000000000000,00000000000000000000000000000000000000000000000000,00000000000000000000000000000000000000000000000000,00000000000000000000000000000000000000000000000000
16383,16383,16383,16383,16383,16383,16383,16383,16383,16383,16383,16383,16383,16383,16383,16383,16383,16383,16383,16383,16383,16383,16383,16383,16383,16383,16383,16383,16383,16383,16383,16383,16383,16383,16383,16383,16383,16383,16383,16383,16383,16383,16383,16383,16383,16383,16383,16383,16383,16383,16383,16383,16383,16383,16383,16383,16383,16383,16383,16383,16383,16383,16383,16383,00000000000000000000000000000000000000000000000000,00000000000000000000000000000000000000000000000000,00000000000000000000000000000000000000000000000000,00000000000000000000000000000000000000000000000000
16383,16383,16383,16383,16383,16383,16383,16383,16383,16383,16383,16383,16383,16383,16383,16383,16383,16383,16383,16383,16383,16383,16383,16383,16383,16383,16383,16383,16383,16383,16383,16383,16383,16383,16383,16383,16383,16383,16383,16383,16383,16383,16383,16383,16383,16383,16383,16383,16383,16383,16383,16383,16383,16383,16383,16383,16383,16383,16383,16383,16383,16383,16383,16383,00000000000000000000000000000000000000000000000000,00000000000000000000000000000000000000000000000000,00000000000000000000000000000000000000000000000000,00000000000000000000000000000000000000000000000000
16383,16383,16383,16383,16383,16383,16383,16383,16383,16383,16383,16383,16383,16383,16383,16383,16383,16383,16383,16383,16383,16383,16383,16383,16383,16383,16383,16383,16383,16383,16383,16383,16383,16383,16383,16383,16383,16383,16383,16383,16383,16383,16383,16383,16383,16383,16383,16383,16383,16383,16383,16383,16383,16383,16383,16383,16383,16383,16383,16383,16383,16383,16383,16383,00000000000000000000000000000000000000000000000000,00000000000000000000000000000000000000000000000000,00000000000000000000000000000000000000000000000000,00000000000000000000000000000000000000000000000000
16383,16383,16383,16383,16383,16383,16383,16383,16383,16383,16383,16383,16383,16383,16383,16383,16383,16383,16383,16383,16383,16383,16383,16383,16383,16383,16383,16383,16383,16383,16383,16383,16383,16383,16383,16383,16383,16383,16383,16383,16383,16383,16383,16383,16383,16383,16383,16383,16383,16383,16383,16383,16383,16383,16383,16383,16383,16383,16383,16383,16383,16383,16383,16383,00000000000000000000000000000000000000000000000000,00000000000000000000000000000000000000000000000000,00000000000000000000000000000000000000000000000000,00000000000000000000000000000000000000000000000000
16383,16383,16383,16383,16383,16383,16383,16383,16383,16383,16383,16383,16383,16383,16383,16383,16383,16383,16383,16383,16383,16383,16383,16383,16383,16383,16383,16383,16383,16383,16383,16383,16383,16383,16383,16383,16383,16383,16383,16383,16383,16383,16383,16383,16383,16383,16383,16383,16383,16383,16383,16383,16383,16383,16383,16383,16383,16383,16383,16383,16383,16383,16383,16383,00000000000000000000000000000000000000000000000000,00000000000000000000000000000000000000000000000000,00000000000000000000000000000000000000000000000000,00000000000000000000000000000000000000000000000000
