0,16000,16000,16000,16000,16000,16000,16000,16000,16000,16000,16000,16000,16000,16000,16000,0,16000,16000,16000,16000,16000,16000,16000,16000,16000,16000,16000,16000,16000,16000,16000,0,16000,16000,16000,16000,16000,16000,16000,16000,16000,16000,16000,16000,16000,16000,16000,0,16000,16000,16000,16000,16000,16000,16000,16000,16000,16000,16000,16000,16000,16000,16000,00000000000000000000000000000000000000000000000000,00000000000000000000000000000000000000000000000000,00000000000000000000000000000000000000000000000000,00000000000000000000000000000000000000000000000000
1,16000,16000,16000,16000,16000,16000,16000,16000,16000,16000,16000,16000,16000,16000,16000,1,16000,16000,16000,16000,16000,16000,16000,16000,16000,16000,16000,16000,16000,16000,16000,1,16000,16000,16000,16000,16000,16000,16000,16000,16000,16000,16000,16000,16000,16000,16000,1,16000,16000,16000,16000,16000,16000,16000,16000,16000,16000,16000,16000,16000,16000,16000,00000000000000000000000000000000000000000000000000,00000000000000000000000000000000000000000000000000,00000000000000000000000000000000000000000000000000,00000000000000000000000000000000000000000000000000
800,16000,16000,16000,16000,16000,16000,16000,16000,16000,16000,16000,16000,16000,16000,16000,800,16000,16000,16000,16000,16000,16000,16000,16000,16000,16000,16000,16000,16000,16000,16000,800,16000,16000,16000,16000,16000,16000,16000,16000,16000,16000,16000,16000,16000,16000,16000,800,16000,16000,16000,16000,16000,16000,16000,16000,16000,16000,16000,16000,16000,16000,16000,00000000000000000000000000000000000000000000000000,00000000000000000000000000000000000000000000000000,00000000000000000000000000000000000000000000000000,00000000000000000000000000000000000000000000000000
2400,16000,16000,16000,16000,16000,16000,16000,16000,16000,16000,16000,16000,16000,16000,16000,2400,16000,16000,16000,16000,16000,16000,16000,16000,16000,16000,16000,16000,16000,16000,16000,2400,16000,16000,16000,16000,16000,16000,16000,16000,16000,16000,16000,16000,16000,16000,16000,2400,16000,16000,16000,16000,16000,16000,16000,16000,16000,16000,16000,16000,16000,16000,16000,00000000000000000000000000000000000000000000000000,00000000000000000000000000000000000000000000000000,00000000000000000000000000000000000000000000000000,00000000000000000000000000000000000000000000000000
5600,16000,16000,16000,16000,16000,16000,16000,16000,16000,16000,16000,16000,16000,16000,16000,5600,16000,16000,16000,16000,16000,16000,16000,16000,16000,16000,16000,16000,16000,16000,16000,5600,16000,16000,16000,16000,16000,16000,16000,16000,16000,16000,16000,16000,16000,16000,16000,5600,16000,16000,16000,16000,16000,16000,16000,16000,16000,16000,16000,16000,16000,16000,16000,00000000000000000000000000000000000000000000000000,00000000000000000000000000000000000000000000000000,00000000000000000000000000000000000000000000000000,00000000000000000000000000000000000000000000000000
6400,16000,16000,16000,16000,16000,16000,16000,16000,16000,16000,16000,16000,16000,16000,16000,6400,16000,16000,16000,16000,16000,16000,16000,16000,16000,16000,16000,16000,16000,16000,16000,6400,16000,16000,16000,16000,16000,16000,16000,16000,16000,16000,16000,16000,16000,16000,16000,6400,16000,16000,16000,16000,16000,16000,16000,16000,16000,16000,16000,16000,16000,16000,16000,00000000000000000000000000000000000000000000000000,00000000000000000000000000000000000000000000000000,00000000000000000000000000000000000000000000000000,00000000000000000000000000000000000000000000000000
7200,16000,16000,16000,16000,16000,16000,16000,16000,16000,16000,16000,16000,16000,16000,16000,7200,16000,16000,16000,16000,16000,16000,16000,16000,16000,16000,16000,16000,16000,16000,16000,7200,16000,16000,16000,16000,16000,16000,16000,16000,16000,16000,16000,16000,16000,16000,16000,7200,16000,16000,1600016000,16000,16000,16000,16000,16000,16000,16000,16000,16000,16000,16000,16000,00000000000000000000000000000000000000000000000000,00000000000000000000000000000000000000000000000000,00000000000000000000000000000000000000000000000000,00000000000000000000000000000000000000000000000000
8000,16000,16000,16000,16000,16000,16000,16000,16000,16000,16000,16000,16000,16000,16000,16000,8000,16000,16000,16000,16000,16000,16000,16000,16000,16000,16000,16000,16000,16000,16000,16000,8000,16000,16000,16000,16000,16000,16000,16000,16000,16000,16000,16000,16000,16000,16000,16000,8000,16000,16000,16000,16000,16000,16000,16000,16000,16000,16000,16000,16000,16000,16000,16000,00000000000000000000000000000000000000000000000000,00000000000000000000000000000000000000000000000000,00000000000000000000000000000000000000000000000000,00000000000000000000000000000000000000000000000000
8800,16000,16000,16000,16000,16000,16000,16000,16000,16000,16000,16000,16000,16000,16000,16000,8800,16000,16000,16000,16000,16000,16000,16000,16000,16000,16000,16000,16000,16000,16000,16000,8800,16000,16000,16000,16000,16000,16000,16000,16000,16000,16000,16000,16000,16000,16000,16000,8800,16000,16000,16000,16000,16000,16000,16000,16000,16000,16000,16000,16000,16000,16000,16000,00000000000000000000000000000000000000000000000000,00000000000000000000000000000000000000000000000000,00000000000000000000000000000000000000000000000000,00000000000000000000000000000000000000000000000000
9600,16000,16000,16000,16000,16000,16000,16000,16000,16000,16000,16000,16000,16000,16000,16000,9600,16000,16000,16000,16000,16000,16000,16000,16000,16000,16000,16000,16000,16000,16000,16000,9600,16000,16000,16000,16000,16000,16000,16000,16000,16000,16000,16000,16000,16000,16000,16000,9600,16000,16000,16000,16000,16000,16000,16000,16000,16000,16000,16000,16000,16000,16000,16000,00000000000000000000000000000000000000000000000000,00000000000000000000000000000000000000000000000000,00000000000000000000000000000000000000000000000000,00000000000000000000000000000000000000000000000000
10400,16000,16000,16000,16000,16000,16000,16000,16000,16000,16000,16000,16000,16000,16000,16000,10400,16000,16000,16000,16000,16000,16000,16000,16000,16000,16000,16000,16000,16000,16000,16000,10400,16000,16000,16000,16000,16000,16000,16000,16000,16000,16000,16000,16000,16000,16000,16000,10400,16000,16000,16000,16000,16000,16000,16000,16000,16000,16000,16000,16000,16000,16000,16000,00000000000000000000000000000000000000000000000000,00000000000000000000000000000000000000000000000000,00000000000000000000000000000000000000000000000000,00000000000000000000000000000000000000000000000000
12000,16000,16000,16000,16000,16000,16000,16000,16000,16000,16000,16000,16000,16000,16000,16000,12000,16000,16000,16000,16000,16000,16000,16000,16000,16000,16000,16000,16000,16000,16000,16000,12000,16000,16000,16000,16000,16000,16000,16000,16000,16000,16000,16000,16000,16000,16000,16000,12000,16000,16000,16000,16000,16000,16000,16000,16000,16000,16000,16000,16000,16000,16000,16000,00000000000000000000000000000000000000000000000000,00000000000000000000000000000000000000000000000000,00000000000000000000000000000000000000000000000000,00000000000000000000000000000000000000000000000000
14400,16000,16000,16000,16000,16000,16000,16000,16000,16000,16000,16000,16000,16000,16000,16000,14400,16000,16000,16000,16000,16000,16000,16000,16000,16000,16000,16000,16000,16000,16000,16000,14400,16000,16000,16000,16000,16000,16000,16000,16000,16000,16000,16000,16000,16000,16000,16000,14400,16000,16000,16000,16000,16000,16000,16000,16000,16000,16000,16000,16000,16000,16000,16000,00000000000000000000000000000000000000000000000000,00000000000000000000000000000000000000000000000000,00000000000000000000000000000000000000000000000000,00000000000000000000000000000000000000000000000000
15200,16000,16000,16000,16000,16000,16000,16000,16000,16000,16000,16000,16000,16000,16000,16000,15200,16000,16000,16000,16000,16000,16000,16000,16000,16000,16000,16000,16000,16000,16000,16000,15200,16000,16000,16000,16000,16000,16000,16000,16000,16000,16000,16000,16000,16000,16000,16000,15200,16000,16000,16000,16000,16000,16000,16000,16000,16000,16000,16000,16000,16000,16000,16000,00000000000000000000000000000000000000000000000000,00000000000000000000000000000000000000000000000000,00000000000000000000000000000000000000000000000000,00000000000000000000000000000000000000000000000000
15600,16000,16000,16000,16000,16000,16000,16000,16000,16000,16000,16000,16000,16000,16000,16000,15600,16000,16000,16000,16000,16000,16000,16000,16000,16000,16000,16000,16000,16000,16000,16000,15600,16000,16000,16000,16000,16000,16000,16000,16000,16000,16000,16000,16000,16000,16000,16000,15600,16000,16000,16000,16000,16000,16000,16000,16000,16000,16000,16000,16000,16000,16000,16000,00000000000000000000000000000000000000000000000000,00000000000000000000000000000000000000000000000000,00000000000000000000000000000000000000000000000000,00000000000000000000000000000000000000000000000000
16000,16000,16000,16000,16000,16000,16000,16000,16000,16000,16000,16000,16000,16000,16000,16000,16000,16000,16000,16000,16000,16000,16000,16000,16000,16000,16000,16000,16000,16000,16000,16000,16000,16000,16000,16000,16000,16000,16000,16000,16000,16000,16000,16000,16000,16000,16000,16000,16000,16000,16000,16000,16000,16000,16000,16000,16000,16000,16000,16000,16000,16000,16000,16000,00000000000000000000000000000000000000000000000000,00000000000000000000000000000000000000000000000000,00000000000000000000000000000000000000000000000000,00000000000000000000000000000000000000000000000000