16383,16383,16383,16383,16383,16383,16383,16383,16383,16383,16383,16383,16383,16383,16383,16383,16383,16383,16383,16383,16383,16383,16383,16383,16383,16383,16383,0,16383,16383,16383,16383,16383,16383,16383,16383,16383,16383,16383,16383,16383,16383,16383,16383,16383,16383,16383,16383,16383,16383,16383,16383,16383,16383,16383,16383,16383,16383,16383,16383,16383,16383,16383,16383,00000000000000000000000000000000000000000000000000,00000000000000000000000000000000000000000000000000,00000000000000000000000000000000000000000000000000,00000000000000000000000000000000000000000000000000
16383,16383,16383,16383,16383,16383,16383,16383,16383,16383,16383,16383,16383,16383,16383,16383,16383,16383,16383,16383,16383,16383,16383,16383,16383,16383,16383,82,16383,16383,16383,16383,16383,16383,16383,16383,16383,16383,16383,16383,16383,16383,16383,16383,16383,16383,16383,16383,16383,16383,16383,16383,16383,16383,16383,16383,16383,16383,16383,16383,16383,16383,16383,16383,00000000000000000000000000000000000000000000000000,00000000000000000000000000000000000000000000000000,00000000000000000000000000000000000000000000000000,00000000000000000000000000000000000000000000000000
16383,16383,16383,16383,16383,16383,16383,16383,16383,16383,16383,16383,16383,16383,16383,16383,16383,16383,16383,16383,16383,16383,16383,16383,16383,16383,16383,4077,16383,16383,16383,16383,16383,16383,16383,16383,16383,16383,16383,16383,16383,16383,16383,16383,16383,16383,16383,16383,16383,16383,16383,16383,16383,16383,16383,16383,16383,16383,16383,16383,16383,16383,16383,16383,00000000000000000000000000000000000000000000000000,00000000000000000000000000000000000000000000000000,00000000000000000000000000000000000000000000000000,00000000000000000000000000000000000000000000000000
16383,16383,16383,16383,16383,16383,16383,16383,16383,16383,16383,16383,16383,16383,16383,16383,16383,16383,16383,16383,16383,16383,16383,16383,16383,16383,16383,7369,16383,16383,16383,16383,16383,16383,16383,16383,16383,16383,16383,16383,16383,16383,16383,16383,16383,16383,16383,16383,16383,16383,16383,16383,16383,16383,16383,16383,16383,16383,16383,16383,16383,16383,16383,16383,00000000000000000000000000000000000000000000000000,00000000000000000000000000000000000000000000000000,00000000000000000000000000000000000000000000000000,00000000000000000000000000000000000000000000000000
16383,16383,16383,16383,16383,16383,16383,16383,16383,16383,16383,16383,16383,16383,16383,16383,16383,16383,16383,16383,16383,16383,16383,16383,16383,16383,16383,7945,16383,16383,16383,16383,16383,16383,16383,16383,16383,16383,16383,16383,16383,16383,16383,16383,16383,16383,16383,16383,16383,16383,16383,16383,16383,16383,16383,16383,16383,16383,16383,16383,16383,16383,16383,16383,00000000000000000000000000000000000000000000000000,00000000000000000000000000000000000000000000000000,00000000000000000000000000000000000000000000000000,00000000000000000000000000000000000000000000000000
16383,16383,16383,16383,16383,16383,16383,16383,16383,16383,16383,16383,16383,16383,16383,16383,16383,16383,16383,16383,16383,16383,16383,16383,16383,16383,16383,8110,16383,16383,16383,16383,16383,16383,16383,16383,16383,16383,16383,16383,16383,16383,16383,16383,16383,16383,16383,16383,16383,16383,16383,16383,16383,16383,16383,16383,16383,16383,16383,16383,16383,16383,16383,16383,00000000000000000000000000000000000000000000000000,00000000000000000000000000000000000000000000000000,00000000000000000000000000000000000000000000000000,00000000000000000000000000000000000000000000000000
16383,16383,16383,16383,16383,16383,16383,16383,16383,16383,16383,16383,16383,16383,16383,16383,16383,16383,16383,16383,16383,16383,16383,16383,16383,16383,16383,8167,16383,16383,16383,16383,16383,16383,16383,16383,16383,16383,16383,16383,16383,16383,16383,16383,16383,16383,16383,16383,16383,16383,16383,16383,16383,16383,16383,16383,16383,16383,16383,16383,16383,16383,16383,16383,00000000000000000000000000000000000000000000000000,00000000000000000000000000000000000000000000000000,00000000000000000000000000000000000000000000000000,00000000000000000000000000000000000000000000000000
16383,16383,16383,16383,16383,16383,16383,16383,16383,16383,16383,16383,16383,16383,16383,16383,16383,16383,16383,16383,16383,16383,16383,16383,16383,16383,16383,8184,16383,16383,16383,16383,16383,16383,16383,16383,16383,16383,16383,16383,16383,16383,16383,16383,16383,16383,16383,16383,16383,16383,16383,16383,16383,16383,16383,16383,16383,16383,16383,16383,16383,16383,16383,16383,00000000000000000000000000000000000000000000000000,00000000000000000000000000000000000000000000000000,00000000000000000000000000000000000000000000000000,00000000000000000000000000000000000000000000000000
16383,16383,16383,16383,16383,16383,16383,16383,16383,16383,16383,16383,16383,16383,16383,16383,16383,16383,16383,16383,16383,16383,16383,16383,16383,16383,16383,8200,16383,16383,16383,16383,16383,16383,16383,16383,16383,16383,16383,16383,16383,16383,16383,16383,16383,16383,16383,16383,16383,16383,16383,16383,16383,16383,16383,16383,16383,16383,16383,16383,16383,16383,16383,16383,00000000000000000000000000000000000000000000000000,00000000000000000000000000000000000000000000000000,00000000000000000000000000000000000000000000000000,00000000000000000000000000000000000000000000000000
16383,16383,16383,16383,16383,16383,16383,16383,16383,16383,16383,16383,16383,16383,16383,16383,16383,16383,16383,16383,16383,16383,16383,16383,16383,16383,16383,8217,16383,16383,16383,16383,16383,16383,16383,16383,16383,16383,16383,16383,16383,16383,16383,16383,16383,16383,16383,16383,16383,16383,16383,16383,16383,16383,16383,16383,16383,16383,16383,16383,16383,16383,16383,16383,00000000000000000000000000000000000000000000000000,00000000000000000000000000000000000000000000000000,00000000000000000000000000000000000000000000000000,00000000000000000000000000000000000000000000000000
16383,16383,16383,16383,16383,16383,16383,16383,16383,16383,16383,16383,16383,16383,16383,16383,16383,16383,16383,16383,16383,16383,16383,16383,16383,16383,16383,8274,16383,16383,16383,16383,16383,16383,16383,16383,16383,16383,16383,16383,16383,16383,16383,16383,16383,16383,16383,16383,16383,16383,16383,16383,16383,16383,16383,16383,16383,16383,16383,16383,16383,16383,16383,16383,00000000000000000000000000000000000000000000000000,00000000000000000000000000000000000000000000000000,00000000000000000000000000000000000000000000000000,00000000000000000000000000000000000000000000000000
16383,16383,16383,16383,16383,16383,16383,16383,16383,16383,16383,16383,16383,16383,16383,16383,16383,16383,16383,16383,16383,16383,16383,16383,16383,16383,16383,8439,16383,16383,16383,16383,16383,16383,16383,16383,16383,16383,16383,16383,16383,16383,16383,16383,16383,16383,16383,16383,16383,16383,16383,16383,16383,16383,16383,16383,16383,16383,16383,16383,16383,16383,16383,16383,00000000000000000000000000000000000000000000000000,00000000000000000000000000000000000000000000000000,00000000000000000000000000000000000000000000000000,00000000000000000000000000000000000000000000000000
16383,16383,16383,16383,16383,16383,16383,16383,16383,16383,16383,16383,16383,16383,16383,16383,16383,16383,16383,16383,16383,16383,16383,16383,16383,16383,16383,9015,16383,16383,16383,16383,16383,16383,16383,16383,16383,16383,16383,16383,16383,16383,16383,16383,16383,16383,16383,16383,16383,16383,16383,16383,16383,16383,16383,16383,16383,16383,16383,16383,16383,16383,16383,16383,00000000000000000000000000000000000000000000000000,00000000000000000000000000000000000000000000000000,00000000000000000000000000000000000000000000000000,00000000000000000000000000000000000000000000000000
16383,16383,16383,16383,16383,16383,16383,16383,16383,16383,16383,16383,16383,16383,16383,16383,16383,16383,16383,16383,16383,16383,16383,16383,16383,16383,16383,10661,16383,16383,16383,16383,16383,16383,16383,16383,16383,16383,16383,16383,16383,16383,16383,16383,16383,16383,16383,16383,16383,16383,16383,16383,16383,16383,16383,16383,16383,16383,16383,16383,16383,16383,16383,16383,00000000000000000000000000000000000000000000000000,00000000000000000000000000000000000000000000000000,00000000000000000000000000000000000000000000000000,00000000000000000000000000000000000000000000000000
16383,16383,16383,16383,16383,16383,16383,16383,16383,16383,16383,16383,16383,16383,16383,16383,16383,16383,16383,16383,16383,16383,16383,16383,16383,16383,16383,13130,16383,16383,16383,16383,16383,16383,16383,16383,16383,16383,16383,16383,16383,16383,16383,16383,16383,16383,16383,16383,16383,16383,16383,16383,16383,16383,16383,16383,16383,16383,16383,16383,16383,16383,16383,16383,00000000000000000000000000000000000000000000000000,00000000000000000000000000000000000000000000000000,00000000000000000000000000000000000000000000000000,00000000000000000000000000000000000000000000000000
16383,16383,16383,16383,16383,16383,16383,16383,16383,16383,16383,16383,16383,16383,16383,16383,16383,16383,16383,16383,16383,16383,16383,16383,16383,16383,16383,16383,16383,16383,16383,16383,16383,16383,16383,16383,16383,16383,16383,16383,16383,16383,16383,16383,16383,16383,16383,16383,16383,16383,16383,16383,16383,16383,16383,16383,16383,16383,16383,16383,16383,16383,16383,16383,00000000000000000000000000000000000000000000000000,00000000000000000000000000000000000000000000000000,00000000000000000000000000000000000000000000000000,00000000000000000000000000000000000000000000000000
