0,0,0,0,0,0,0,0,0,0,0,0,0,0,0,0,0,0,0,0,0,0,0,0,0,0,0,0,0,0,0,0,0,0,0,0,0,0,0,0,0,0,0,0,0,0,0,0,0,0,0,0,0,0,0,0,0,0,0,0,0,0,0,0,00000000000000000000000000000000000000000000000000,00000000000000000000000000000000000000000000000000,00000000000000000000000000000000000000000000000000,00000000000000000000000000000000000000000000000000
1,0,0,0,0,0,0,0,0,0,0,0,0,0,0,0,1,0,0,0,0,0,0,0,0,0,0,0,0,0,0,0,1,0,0,0,0,0,0,0,0,0,0,0,0,0,0,0,1,0,0,0,0,0,0,0,0,0,0,0,0,0,0,0,00000000000000000000000000000000000000000000000000,00000000000000000000000000000000000000000000000000,00000000000000000000000000000000000000000000000000,00000000000000000000000000000000000000000000000000
800,0,0,0,0,0,0,0,0,0,0,0,0,0,0,0,800,0,0,0,0,0,0,0,0,0,0,0,0,0,0,0,800,0,0,0,0,0,0,0,0,0,0,0,0,0,0,0,800,0,0,0,0,0,0,0,0,0,0,0,0,0,0,0,00000000000000000000000000000000000000000000000000,00000000000000000000000000000000000000000000000000,00000000000000000000000000000000000000000000000000,00000000000000000000000000000000000000000000000000
2400,0,0,0,0,0,0,0,0,0,0,0,0,0,0,0,2400,0,0,0,0,0,0,0,0,0,0,0,0,0,0,0,2400,0,0,0,0,0,0,0,0,0,0,0,0,0,0,0,2400,0,0,0,0,0,0,0,0,0,0,0,0,0,0,0,00000000000000000000000000000000000000000000000000,00000000000000000000000000000000000000000000000000,00000000000000000000000000000000000000000000000000,00000000000000000000000000000000000000000000000000
5600,0,0,0,0,0,0,0,0,0,0,0,0,0,0,0,5600,0,0,0,0,0,0,0,0,0,0,0,0,0,0,0,5600,0,0,0,0,0,0,0,0,0,0,0,0,0,0,0,5600,0,0,0,0,0,0,0,0,0,0,0,0,0,0,0,00000000000000000000000000000000000000000000000000,00000000000000000000000000000000000000000000000000,00000000000000000000000000000000000000000000000000,00000000000000000000000000000000000000000000000000
6400,0,0,0,0,0,0,0,0,0,0,0,0,0,0,0,6400,0,0,0,0,0,0,0,0,0,0,0,0,0,0,0,6400,0,0,0,0,0,0,0,0,0,0,0,0,0,0,0,6400,0,0,0,0,0,0,0,0,0,0,0,0,0,0,0,00000000000000000000000000000000000000000000000000,00000000000000000000000000000000000000000000000000,00000000000000000000000000000000000000000000000000,00000000000000000000000000000000000000000000000000
7200,0,0,0,0,0,0,0,0,0,0,0,0,0,0,0,7200,0,0,0,0,0,0,0,0,0,0,0,0,0,0,0,7200,0,0,0,0,0,0,0,0,0,0,0,0,0,0,0,7200,0,0,0,0,0,0,0,0,0,0,0,0,0,0,0,00000000000000000000000000000000000000000000000000,00000000000000000000000000000000000000000000000000,00000000000000000000000000000000000000000000000000,00000000000000000000000000000000000000000000000000
8000,0,0,0,0,0,0,0,0,0,0,0,0,0,0,0,8000,0,0,0,0,0,0,0,0,0,0,0,0,0,0,0,8000,0,0,0,0,0,0,0,0,0,0,0,0,0,0,0,8000,0,0,0,0,0,0,0,0,0,0,0,0,0,0,0,00000000000000000000000000000000000000000000000000,00000000000000000000000000000000000000000000000000,00000000000000000000000000000000000000000000000000,00000000000000000000000000000000000000000000000000
8800,0,0,0,0,0,0,0,0,0,0,0,0,0,0,0,8800,0,0,0,0,0,0,0,0,0,0,0,0,0,0,0,8800,0,0,0,0,0,0,0,0,0,0,0,0,0,0,0,8800,0,0,0,0,0,0,0,0,0,0,0,0,0,0,0,00000000000000000000000000000000000000000000000000,00000000000000000000000000000000000000000000000000,00000000000000000000000000000000000000000000000000,00000000000000000000000000000000000000000000000000
9600,0,0,0,0,0,0,0,0,0,0,0,0,0,0,0,9600,0,0,0,0,0,0,0,0,0,0,0,0,0,0,0,9600,0,0,0,0,0,0,0,0,0,0,0,0,0,0,0,9600,0,0,0,0,0,0,0,0,0,0,0,0,0,0,0,00000000000000000000000000000000000000000000000000,00000000000000000000000000000000000000000000000000,00000000000000000000000000000000000000000000000000,00000000000000000000000000000000000000000000000000
10400,0,0,0,0,0,0,0,0,0,0,0,0,0,0,0,10400,0,0,0,0,0,0,0,0,0,0,0,0,0,0,0,10400,0,0,0,0,0,0,0,0,0,0,0,0,0,0,0,10400,0,0,0,0,0,0,0,0,0,0,0,0,0,0,0,00000000000000000000000000000000000000000000000000,00000000000000000000000000000000000000000000000000,00000000000000000000000000000000000000000000000000,00000000000000000000000000000000000000000000000000
12000,0,0,0,0,0,0,0,0,0,0,0,0,0,0,0,12000,0,0,0,0,0,0,0,0,0,0,0,0,0,0,0,12000,0,0,0,0,0,0,0,0,0,0,0,0,0,0,0,12000,0,0,0,0,0,0,0,0,0,0,0,0,0,0,0,00000000000000000000000000000000000000000000000000,00000000000000000000000000000000000000000000000000,00000000000000000000000000000000000000000000000000,00000000000000000000000000000000000000000000000000
14400,0,0,0,0,0,0,0,0,0,0,0,0,0,0,0,14400,0,0,0,0,0,0,0,0,0,0,0,0,0,0,0,14400,0,0,0,0,0,0,0,0,0,0,0,0,0,0,0,14400,0,0,0,0,0,0,0,0,0,0,0,0,0,0,0,00000000000000000000000000000000000000000000000000,00000000000000000000000000000000000000000000000000,00000000000000000000000000000000000000000000000000,00000000000000000000000000000000000000000000000000
15200,0,0,0,0,0,0,0,0,0,0,0,0,0,0,0,15200,0,0,0,0,0,0,0,0,0,0,0,0,0,0,0,15200,0,0,0,0,0,0,0,0,0,0,0,0,0,0,0,15200,0,0,0,0,0,0,0,0,0,0,0,0,0,0,0,00000000000000000000000000000000000000000000000000,00000000000000000000000000000000000000000000000000,00000000000000000000000000000000000000000000000000,00000000000000000000000000000000000000000000000000
15600,0,0,0,0,0,0,0,0,0,0,0,0,0,0,0,15600,0,0,0,0,0,0,0,0,0,0,0,0,0,0,0,15600,0,0,0,0,0,0,0,0,0,0,0,0,0,0,0,15600,0,0,0,0,0,0,0,0,0,0,0,0,0,0,0,00000000000000000000000000000000000000000000000000,00000000000000000000000000000000000000000000000000,00000000000000000000000000000000000000000000000000,00000000000000000000000000000000000000000000000000
16000,0,0,0,0,0,0,0,0,0,0,0,0,0,0,0,16000,0,0,0,0,0,0,0,0,0,0,0,0,0,0,0,16000,0,0,0,0,0,0,0,0,0,0,0,0,0,0,0,16000,0,0,0,0,0,0,0,0,0,0,0,0,0,0,0,00000000000000000000000000000000000000000000000000,00000000000000000000000000000000000000000000000000,00000000000000000000000000000000000000000000000000,00000000000000000000000000000000000000000000000000
