0,0,0,0,0,0,0,0,0,0,0,0,0,0,0,0,0,0,0,0,0,0,0,0,0,0,0,0,0,0,0,0,0,0,0,0,0,0,0,0,0,0,0,0,0,0,0,0,0,0,0,0,0,0,0,0,0,0,0,0,0,0,0,0,00000000000000000000000000000000000000000000000000,00000000000000000000000000000000000000000000000000,00000000000000000000000000000000000000000000000000,00000000000000000000000000000000000000000000000000
82,82,82,82,82,82,82,82,82,82,82,82,82,82,82,82,82,82,82,82,82,82,82,82,82,82,82,82,82,82,82,82,82,82,82,82,82,82,82,82,82,82,82,82,82,82,82,82,82,82,82,82,82,82,82,82,82,82,82,82,82,82,82,82,00000000000000000000000000000000000000000000000000,00000000000000000000000000000000000000000000000000,00000000000000000000000000000000000000000000000000,00000000000000000000000000000000000000000000000000
4077,4077,4077,4077,4077,4077,4077,4077,4077,4077,4077,4077,4077,4077,4077,4077,4077,4077,4077,4077,4077,4077,4077,4077,4077,4077,4077,4077,4077,4077,4077,4077,4077,4077,4077,4077,4077,4077,4077,4077,4077,4077,4077,4077,4077,4077,4077,4077,4077,4077,4077,4077,4077,4077,4077,4077,4077,4077,4077,4077,4077,4077,4077,4077,00000000000000000000000000000000000000000000000000,00000000000000000000000000000000000000000000000000,00000000000000000000000000000000000000000000000000,00000000000000000000000000000000000000000000000000
7369,7369,7369,7369,7369,7369,7369,7369,7369,7369,7369,7369,7369,7369,7369,7369,7369,7369,7369,7369,7369,7369,7369,7369,7369,7369,7369,7369,7369,7369,7369,7369,7369,7369,7369,7369,7369,7369,7369,7369,7369,7369,7369,7369,7369,7369,7369,7369,7369,7369,7369,7369,7369,7369,7369,7369,7369,7369,7369,7369,7369,7369,7369,7369,00000000000000000000000000000000000000000000000000,00000000000000000000000000000000000000000000000000,00000000000000000000000000000000000000000000000000,00000000000000000000000000000000000000000000000000
7945,7945,7945,7945,7945,7945,7945,7945,7945,7945,7945,7945,7945,7945,7945,7945,7945,7945,7945,7945,7945,7945,7945,7945,7945,7945,7945,7945,7945,7945,7945,7945,7945,7945,7945,7945,7945,7945,7945,7945,7945,7945,7945,7945,7945,7945,7945,7945,7945,7945,7945,7945,7945,7945,7945,7945,7945,7945,7945,7945,7945,7945,7945,7945,00000000000000000000000000000000000000000000000000,00000000000000000000000000000000000000000000000000,00000000000000000000000000000000000000000000000000,00000000000000000000000000000000000000000000000000
8110,8110,8110,8110,8110,8110,8110,8110,8110,8110,8110,8110,8110,8110,8110,8110,8110,8110,8110,8110,8110,8110,8110,8110,8110,8110,8110,8110,8110,8110,8110,8110,8110,8110,8110,8110,8110,8110,8110,8110,8110,8110,8110,8110,8110,8110,8110,8110,8110,8110,8110,8110,8110,8110,8110,8110,8110,8110,8110,8110,8110,8110,8110,8110,00000000000000000000000000000000000000000000000000,00000000000000000000000000000000000000000000000000,00000000000000000000000000000000000000000000000000,00000000000000000000000000000000000000000000000000
8167,8167,8167,8167,8167,8167,8167,8167,8167,8167,8167,8167,8167,8167,8167,8167,8167,8167,8167,8167,8167,8167,8167,8167,8167,8167,8167,8167,8167,8167,8167,8167,8167,8167,8167,8167,8167,8167,8167,8167,8167,8167,8167,8167,8167,8167,8167,8167,8167,8167,8167,8167,8167,8167,8167,8167,8167,8167,8167,8167,8167,8167,8167,8167,00000000000000000000000000000000000000000000000000,00000000000000000000000000000000000000000000000000,00000000000000000000000000000000000000000000000000,00000000000000000000000000000000000000000000000000
8184,8184,8184,8184,8184,8184,8184,8184,8184,8184,8184,8184,8184,8184,8184,8184,8184,8184,8184,8184,8184,8184,8184,8184,8184,8184,8184,8184,8184,8184,8184,8184,8184,8184,8184,8184,8184,8184,8184,8184,8184,8184,8184,8184,8184,8184,8184,8184,8184,8184,8184,8184,8184,8184,8184,8184,8184,8184,8184,8184,8184,8184,8184,8184,00000000000000000000000000000000000000000000000000,00000000000000000000000000000000000000000000000000,00000000000000000000000000000000000000000000000000,00000000000000000000000000000000000000000000000000
8200,8200,8200,8200,8200,8200,8200,8200,8200,8200,8200,8200,8200,8200,8200,8200,8200,8200,8200,8200,8200,8200,8200,8200,8200,8200,8200,8200,8200,8200,8200,8200,8200,8200,8200,8200,8200,8200,8200,8200,8200,8200,8200,8200,8200,8200,8200,8200,8200,8200,8200,8200,8200,8200,8200,8200,8200,8200,8200,8200,8200,8200,8200,8200,00000000000000000000000000000000000000000000000000,00000000000000000000000000000000000000000000000000,00000000000000000000000000000000000000000000000000,00000000000000000000000000000000000000000000000000
8217,8217,8217,8217,8217,8217,8217,8217,8217,8217,8217,8217,8217,8217,8217,8217,8217,8217,8217,8217,8217,8217,8217,8217,8217,8217,8217,8217,8217,8217,8217,8217,8217,8217,8217,8217,8217,8217,8217,8217,8217,8217,8217,8217,8217,8217,8217,8217,8217,8217,8217,8217,8217,8217,8217,8217,8217,8217,8217,8217,8217,8217,8217,8217,00000000000000000000000000000000000000000000000000,00000000000000000000000000000000000000000000000000,00000000000000000000000000000000000000000000000000,00000000000000000000000000000000000000000000000000
8274,8274,8274,8274,8274,8274,8274,8274,8274,8274,8274,8274,8274,8274,8274,8274,8274,8274,8274,8274,8274,8274,8274,8274,8274,8274,8274,8274,8274,8274,8274,8274,8274,8274,8274,8274,8274,8274,8274,8274,8274,8274,8274,8274,8274,8274,8274,8274,8274,8274,8274,8274,8274,8274,8274,8274,8274,8274,8274,8274,8274,8274,8274,8274,00000000000000000000000000000000000000000000000000,00000000000000000000000000000000000000000000000000,00000000000000000000000000000000000000000000000000,00000000000000000000000000000000000000000000000000
8439,8439,8439,8439,8439,8439,8439,8439,8439,8439,8439,8439,8439,8439,8439,8439,8439,8439,8439,8439,8439,8439,8439,8439,8439,8439,8439,8439,8439,8439,8439,8439,8439,8439,8439,8439,8439,8439,8439,8439,8439,8439,8439,8439,8439,8439,8439,8439,8439,8439,8439,8439,8439,8439,8439,8439,8439,8439,8439,8439,8439,8439,8439,8439,00000000000000000000000000000000000000000000000000,00000000000000000000000000000000000000000000000000,00000000000000000000000000000000000000000000000000,00000000000000000000000000000000000000000000000000
9015,9015,9015,9015,9015,9015,9015,9015,9015,9015,9015,9015,9015,9015,9015,9015,9015,9015,9015,9015,9015,9015,9015,9015,9015,9015,9015,9015,9015,9015,9015,9015,9015,9015,9015,9015,9015,9015,9015,9015,9015,9015,9015,9015,9015,9015,9015,9015,9015,9015,9015,9015,9015,9015,9015,9015,9015,9015,9015,9015,9015,9015,9015,9015,00000000000000000000000000000000000000000000000000,00000000000000000000000000000000000000000000000000,00000000000000000000000000000000000000000000000000,00000000000000000000000000000000000000000000000000
10661,10661,10661,10661,10661,10661,10661,10661,10661,10661,10661,10661,10661,10661,10661,10661,10661,10661,10661,10661,10661,10661,10661,10661,10661,10661,10661,10661,10661,10661,10661,10661,10661,10661,10661,10661,10661,10661,10661,10661,10661,10661,10661,10661,10661,10661,10661,10661,10661,10661,10661,10661,10661,10661,10661,10661,10661,10661,10661,10661,10661,10661,10661,10661,00000000000000000000000000000000000000000000000000,00000000000000000000000000000000000000000000000000,00000000000000000000000000000000000000000000000000,00000000000000000000000000000000000000000000000000
13130,13130,13130,13130,13130,13130,13130,13130,13130,13130,13130,13130,13130,13130,13130,13130,13130,13130,13130,13130,13130,13130,13130,13130,13130,13130,13130,13130,13130,13130,13130,13130,13130,13130,13130,13130,13130,13130,13130,13130,13130,13130,13130,13130,13130,13130,13130,13130,13130,13130,13130,13130,13130,13130,13130,13130,13130,13130,13130,13130,13130,13130,13130,13130,00000000000000000000000000000000000000000000000000,00000000000000000000000000000000000000000000000000,00000000000000000000000000000000000000000000000000,00000000000000000000000000000000000000000000000000
16383,16383,16383,16383,16383,16383,16383,16383,16383,16383,16383,16383,16383,16383,16383,16383,16383,16383,16383,16383,16383,16383,16383,16383,16383,16383,16383,16383,16383,16383,16383,16383,16383,16383,16383,16383,16383,16383,16383,16383,16383,16383,16383,16383,16383,16383,16383,16383,16383,16383,16383,16383,16383,16383,16383,16383,16383,16383,16383,16383,16383,16383,16383,16383,00000000000000000000000000000000000000000000000000,00000000000000000000000000000000000000000000000000,00000000000000000000000000000000000000000000000000,00000000000000000000000000000000000000000000000000
